[1.] [4] n=50 f=1
[0.88244898 1.        ] [4,7] n =50 f = 2
[0.67571429 0.96530612 1.        ] [4,7,10] n =50 f = 3
[0.87926617 0.98449848 1.        ] [7,10,13] n=50 f=4
[0.738582   0.9363288  0.99074836 1.        ] [7,10,13,16] n=50 f=5
[0.84408616 0.95713927 0.99307079] [10,13,16] n=50, f = 6
[0.8851566010307916 0.9650160785868463 0.9937340365462475] [13,16,19] n=50 f=7


[1.] n = 50, f=1 [4]
[0.94122449 1.        ] n = 50, f=2 [4,7]
[0.82857143 0.9875     1.         1.        ] n = 50 f = 3 [4,7,10,13,16]
[0.95319149 0.99580547 1.        ] n =50 f=4 [7,10,13]
[0.89054117 0.98116823 0.99805877 1.        ] n = 50 f = 5 [7,10,13,16]
[0.94934584 0.99003851 0.99848817 1.        ] [] n=50 f=6 [10,13,16,19]
[0.67546183 0.89418288 0.9702443  0.99147879 0.99898777] n=50 f=7 [7,10,13,16,19]